n = 84;
A = 0.02;